image: /home/grace/Downloads/edit.pgm
#resolution: 0.100000
resolution: 0.0650
origin: [0.000000, 0.000000, 0.000000]
negate: 0
occupied_thresh: 0.65
free_thresh: 0.196
